Date,Open,High,Low,Close,Adj Close,Volume
2021-09-06,154.970001,157.259995,148.699997,148.970001,147.266251,354897400
2021-09-13,150.630005,151.419998,145.759995,146.059998,144.389526,492884800
2021-09-20,143.800003,147.470001,141.270004,146.919998,145.239670,394033300
2021-09-27,145.470001,145.960007,139.110001,142.649994,141.018509,441421300
2021-10-04,141.759995,144.220001,138.270004,142.899994,141.265656,382910100
2021-10-11,142.270004,144.899994,139.199997,144.839996,143.183487,354098200
2021-10-18,143.449997,150.179993,143.160004,148.690002,146.989456,340691300
2021-10-25,148.679993,153.169998,146.410004,149.800003,148.086746,392740000
2021-11-01,148.990005,152.429993,147.800003,151.279999,149.549850,324080300
2021-11-08,151.410004,151.570007,147.479996,149.990005,148.491013,281799900
2021-11-15,150.369995,161.020004,149.339996,160.550003,158.945435,462419300
2021-11-22,161.679993,165.699997,156.360001,156.809998,155.242813,359933200
2021-11-29,159.369995,170.300003,157.800003,161.839996,160.222565,669611100
2021-12-06,164.289993,179.630005,164.279999,179.449997,177.656555,569227700
2021-12-13,181.119995,182.130005,169.690002,171.139999,169.429596,769299200
2021-12-20,168.279999,176.850006,167.460007,176.279999,174.518234,359176900
2021-12-27,177.089996,181.330002,177.070007,177.570007,175.795364,340248100
2022-01-03,177.830002,182.940002,171.029999,172.169998,170.449326,481949000
2022-01-10,169.080002,177.179993,168.169998,173.070007,171.340347,422655700
2022-01-17,171.509995,172.539993,162.300003,162.410004,160.786865,400041100
2022-01-24,160.020004,170.350006,154.699997,170.330002,168.627716,688258600
2022-01-31,170.160004,176.240005,169.509995,172.389999,170.667130,458553300
2022-02-07,172.860001,176.649994,168.039993,168.639999,167.167313,412902000
2022-02-14,167.369995,173.339996,166.190002,167.300003,165.839020,362252300
2022-02-21,164.979996,166.690002,152.000000,164.850006,163.410400,414293700
2022-02-28,163.059998,168.910004,161.970001,163.169998,161.745071,418671400
2022-03-07,163.360001,165.020004,154.500000,154.729996,153.378784,521334100
2022-03-14,151.449997,164.479996,150.100006,163.979996,162.547989,503123700
2022-03-21,163.509995,175.279999,163.009995,174.720001,173.194214,446083700
2022-03-28,172.169998,179.610001,171.940002,174.309998,172.787781,465395100
2022-04-04,174.570007,178.490005,169.199997,170.089996,168.604645,393099200
2022-04-11,168.710007,171.270004,165.039993,165.289993,163.846558,297460200
2022-04-18,163.919998,171.529999,161.500000,161.789993,160.377106,376787700
2022-04-25,161.119995,166.199997,155.380005,157.649994,156.273270,541697200
2022-05-02,156.710007,166.479996,153.270004,157.279999,155.906509,566928200
2022-05-09,154.929993,156.740005,138.800003,147.110001,146.039597,686227300
2022-05-16,145.550003,149.770004,132.610001,137.589996,136.588852,548244700
2022-05-23,137.789993,149.679993,137.139999,149.639999,148.551163,495921700
2022-05-30,149.070007,151.740005,144.460007,145.380005,144.322174,338923400
2022-06-06,147.029999,149.869995,137.059998,137.130005,136.132187,354267700
2022-06-13,132.869995,137.339996,129.039993,131.559998,130.602722,541168600
2022-06-20,133.419998,141.910004,133.320007,141.660004,140.629227,315960300
2022-06-27,142.699997,143.490005,133.770004,138.929993,137.919083,373549800
2022-07-04,137.770004,147.550003,136.929993,147.039993,145.970078,278219600
2022-07-11,145.669998,150.860001,142.119995,150.169998,149.077316,366316600
2022-07-18,150.740005,156.279999,146.699997,154.089996,152.968796,360988700
2022-07-25,154.009995,163.630005,150.800003,162.509995,161.327515,370548900
2022-08-01,161.009995,167.190002,159.630005,165.350006,164.146866,322415000
2022-08-08,166.369995,172.169998,163.250000,172.100006,171.085068,318771500
2022-08-15,171.520004,176.149994,171.309998,171.520004,170.508469,322647200
2022-08-22,169.690002,171.050003,163.559998,163.619995,162.655045,307194600
2022-08-29,161.149994,162.899994,154.669998,155.809998,154.891113,390399000
2022-09-05,156.470001,157.820007,152.679993,157.369995,156.441925,314117000
2022-09-12,159.589996,164.259995,148.369995,150.699997,149.811264,568337900
2022-09-19,149.309998,158.740005,148.559998,150.429993,149.542847,473543200
2022-09-26,149.660004,154.720001,138.000000,138.199997,137.384964,577537000
2022-10-03,138.210007,147.539993,137.690002,140.089996,139.263840,435940600
2022-10-10,140.419998,144.520004,134.369995,138.380005,137.563919,424188400
2022-10-17,141.070007,147.850006,140.270004,147.270004,146.401505,397216400
2022-10-24,147.190002,157.500000,144.130005,155.740005,154.821548,512851100
2022-10-31,153.160004,155.449997,134.380005,138.380005,137.563919,510660400
2022-11-07,137.110001,150.009995,134.589996,149.699997,149.064026,461034600
2022-11-14,148.970001,153.589996,146.149994,151.289993,150.647278,382679700
2022-11-21,150.160004,151.830002,146.929993,148.110001,147.480789,204025500
2022-11-28,145.139999,149.130005,140.350006,147.809998,147.182068,401088500
2022-12-05,147.770004,150.919998,140.000000,142.160004,141.556061,341500000
2022-12-12,142.699997,149.970001,133.729996,134.509995,133.938568,505728900
2022-12-19,135.110001,136.809998,129.639999,131.860001,131.299820,384620400
2022-12-26,131.380005,131.410004,125.870003,129.929993,129.378006,307184100
2023-01-02,130.279999,130.899994,124.169998,129.619995,129.069321,369948500
2023-01-09,130.470001,134.919998,128.119995,134.759995,134.187500,333335200
2023-01-16,134.830002,138.610001,133.770004,137.869995,137.284286,271823400
2023-01-23,138.119995,147.229996,137.899994,145.929993,145.310043,338655600
2023-01-30,144.960007,157.380005,141.320007,154.500000,153.843628,480249700
2023-02-06,152.570007,155.229996,149.220001,151.009995,150.368454,330758800
2023-02-13,150.949997,156.330002,150.850006,152.550003,152.133850,316792400
2023-02-20,150.199997,151.300003,145.720001,146.710007,146.309784,213742300
2023-02-27,147.710007,151.110001,143.899994,151.029999,150.617996,273994900
2023-03-06,153.789993,156.300003,147.610001,148.500000,148.094894,313350800
2023-03-13,147.809998,156.740005,147.699997,155.000000,154.577164,410426600
2023-03-20,155.070007,162.139999,154.149994,160.250000,159.812851,350100100
2023-03-27,159.940002,165.000000,155.979996,164.899994,164.450150,267939700
2023-04-03,164.270004,166.839996,161.800003,164.660004,164.210815,200156300
2023-04-10,161.419998,166.320007,159.779999,165.210007,164.759323,263326300
2023-04-17,165.089996,168.160004,164.029999,165.020004,164.569839,249953100
2023-04-24,165.000000,169.850006,162.800003,169.679993,169.217117,256274000
2023-05-01,169.279999,174.300003,164.309998,173.570007,173.096512,360586400
2023-05-08,172.479996,174.589996,171.000000,172.570007,172.099243,250026700
2023-05-15,173.160004,176.389999,170.419998,175.160004,174.923798,258597700
2023-05-22,173.979996,175.770004,170.520004,175.429993,175.193420,250355000
2023-05-29,176.960007,181.779999,176.570007,180.949997,180.705978,286437400
2023-06-05,182.630005,184.949997,177.320007,180.960007,180.715973,347825100
2023-06-12,181.270004,186.990005,180.970001,184.919998,184.670624,333335700
2023-06-19,184.410004,187.559998,182.589996,186.679993,186.428238,203639400
2023-06-26,186.830002,194.479996,185.229996,193.970001,193.708420,281453200
2023-07-03,193.779999,193.880005,189.199997,190.679993,190.422852,170250800
2023-07-10,189.259995,191.699997,186.600006,190.690002,190.432846,250226700
2023-07-17,191.899994,198.229996,191.229996,191.940002,191.681168,310880300
2023-07-24,193.410004,197.199997,192.250000,195.830002,195.565918,225884500
2023-07-31,196.059998,196.729996,181.919998,181.990005,181.744583,301423400
2023-08-07,182.130005,183.130005,176.550003,177.789993,177.550232,332452600
2023-08-14,177.970001,179.690002,171.960007,174.490005,174.490005,261440200
2023-08-21,175.070007,181.550003,173.740005,178.610001,178.610001,247514300
2023-08-28,180.089996,189.919998,178.550003,189.460007,189.460007,264165600
2023-09-04,188.279999,189.979996,173.539993,178.179993,178.179993,305075900
2023-09-11,180.070007,180.300003,177.339996,179.360001,179.360001,58863800